-419921
-419921
-419921
-419921
-419921
-744898
-744898
-744898
-419921
-419921
-419921
-419921
-419921
51897
51897
51897
54459
54459
54459
54459
54459
54459
54459
54459
54459
54459
54459
54459
-200964
-200964
-200964
-200964
-981246
-981246
-981246
-981246
-556695
-556695
-981246
-981246
-981246
-981246
-981246
-981246
-981246
449825
449825
449825
449825
-981246
-981246
-981246
-981246
-981246
-981246
-981246
-981246
-981246
-981246
-981246
594124
594124
-981246
-981246
175735
175735
-200964
-424521
-424521
-424521
-981246
-981246
-981246
-981246
-981246
594124
391095
-981246
47507
47507
844265
903097
47507
47507
47507
47507
47507
237130
237130
237130
47507
-643643
-643643
-172643
-643643
-643643
207363
207363
-950756
-950756
207363
207363
207363
-950756
-950756
345850
105448
105448
105448
105448
-494886
299477
59882
116455
67458
-926919
-926919
-926919
-926919
-926919
-926919
-926919
-926919
-926919
107701
279330
107701
107701
220134
220134
220134
14456
14456
14456
14456
14456
14456
14456
-256428
-256428
-256428
402077
402077
402077
210548
29016
29016
19004
19004
19004
19004
185530
126597
-926919
-926919
73363
73363
216513
216513
142107
142107
-196486
-196486
-487344
-487344
-487344
-487344
-487344
-752413
-752413
306685
306685
306685
-588704
-588704
-588704
-588704
-588704
-588704
-588704
-176330
-176330
-176330
132623
379408
237406
237406
237406
237406
427519
268360
268360
268360
268360
268360
268360
162129
2964
2964
2964
162129
162129
162129
162129
162129
-493872
-493872
-493872
-493872
-493872
-493872
-493872
-493872
-493872
388164
-496714
-496714
-496714
-616492
27073
27073
-496714
-496714
-496714
